0001A0
0004V0
0004Y0
0007C0
0007J0
0008Z0
0009K0
0010F0
0010V0
0011A0
0013V0
0015G0
0015N0
0015S0
0030R0
0037T0
0041B0
0041J0
0041L0
0044K0
0054V0
0068Y0
0071M0
0072Z0
0082N0
0088D0
0088M0
0091W0
0093G0
0096B0
0096D0
0097F0
0098T0
0099W0
0099X0
0101C0
0105P0
0115H0
0120G0
0126Z0
0130D0
0130H0
0132G0
014950
031210
059180
061090
062040
064400
079900
081180
088340
096250
098070
101970
125020
125490
136150
160190
163280
177900
188040
199480
209640
212710
217590
226590
234030
240550
261520
266350
279570
287840
289930
295310
303810
308430
309710
317450
318060
331740
332190
336680
340450
342870
351870
364950
368030
373110
373160
376270
376900
380550
381620
382150
387570
388210
389650
389680
393970
394420
394800
397810
398120
403810
403850
408470
413390
415640
424870
431190
432980
435570
439260
444530
450330
450950
452450
455180
456070
456160
457370
457600
458350
458650
459100
459510
459550
460470
460870
460940
461300
462310
462350
462860
462870
462980
463020
463480
464080
464280
464490
464500
464580
465480
466100
466410
466690
468530
469610
469750
471820
473950
473980
474170
474610
474650
475230
475400
475430
475460
475560
475580
475660
475830
475960
476040
476060
476080
476710
476830
477340
478110
478340
478390
478440
478560
479880
479960
480370
481070
481850
481890
482520
482630
482680
482690
483650
484120
484130
484590
484810
484870
486630
486990
487360
487570
487720
487830
488060
488280
488900
489210
489460
489480
489500
489730
489790
490470
491000
492220
493280
493330
493790
494120
495810
496070
496320
498390
499790
950250
